A 1500 1200 800 700 2.5 15.2
A 456 789 1920 1080 3.2 7.8
A 654 321 1920 1080 4.1 22.7
A 876 543 1200 1080 1.8 9.3
A 234 678 1920 1080 2.9 28.4
A 789 210 1920 1080 3.5 3.7
A 543 876 1600 900 4.8 12.6
A 321 654 1920 1080 2.3 5.9
A 876 432 1920 1080 1.2 18.6
A 567 789 1000 700 3.7 14.8
A 345 876 1920 1080 4.0 26.1
A 789 543 900 600 2.0 8.7
A 432 321 1920 1080 3.2 11.4
A 654 210 1400 850 4.5 2.1
A 876 654 1920 1080 1.5 19.0
A 543 432 1700 950 2.7 8.3
A 789 876 1920 1080 3.8 6.7
A 321 567 800 400 1.1 27.9
A 876 654 1920 1080 4.2 13.2
A 543 321 1920 1080 3.0 9.8
A 789 876 1920 1080 2.3 5.4
A 234 567 1500 700 4.0 23.5
A 876 432 1920 1080 2.5 7.2
A 543 654 1100 300 1.8 16.3
A 789 876 1920 1080 3.7 19.7
A 321 210 1920 1080 2.0 4.1
A 876 543 1920 1080 3.5 10.6
A 432 321 1920 1080 4.3 15.9
A 654 210 1600 950 1.6 25.2
A 876 654 1920 1080 3.0 12.7
A 543 432 1800 1000 2.2 7.5
A 789 876 1920 1080 4.8 22.3
A 321 567 1920 1080 1.9 8.4
A 876 654 1920 1080 3.2 11.1
A 543 321 1920 1080 2.7 13.8
A 789 876 1920 1080 4.0 16.5
A 234 567 1920 1080 1.5 19.2
A 876 432 1920 1080 3.8 21.9
A 543 654 1920 1080 2.0 4.6
A 789 876 1920 1080 4.2 9.8
A 321 210 1920 1080 3.1 26.3
    T 1500 800 45.6
T 456 789 112.3
T 654 321 78.9
T 876 543 120.0
T 234 678 92.5
T 789 210 56.7
T 543 876 30.2
T 321 654 180.0
T 876 432 105.4
T 567 789 135.8